https://www.youtube.com/playlist?list=PLaXhIWKbyl3VHtnNcMwG6KOg04q6QQXge
4186,30,35,13,38,44,10,15
4185,11,12,24,46,38,33,30
4184,49,18,25,11,36,39,41
4183,37,07,41,18,44,32,19
4182,08,21,46,25,43,04,32
4181,26,25,40,34,06,10,30
4180,08,16,03,47,02,20,10
4179,07,48,18,19,30,36,11
4178,39,02,31,07,35,06,15
4177,13,28,03,48,22,11,21
4176,23,05,03,42,15,37,48
4175,49,09,05,23,03,43,08
4174,01,41,21,06,12,03,18
4173,26,04,10,08,15,16,17
4172,44,06,01,48,09,02,24
4171,39,14,48,30,23,29,12
4170,01,33,08,23,30,07,21
4169,30,04,26,47,12,46,06
4168,04,22,46,29,33,07,48
4167,33,04,28,25,48,43,31
4166,34,27,49,35,38,03,17
4165,35,22,36,14,06,18,13
4164,25,40,43,12,33,46,21
4163,07,14,17,13,40,44,35
4162,15,42,01,05,12,22,37
4161,49,37,41,08,06,28,40
4160,09,46,45,05,20,23,07
4159,30,47,26,24,32,37,02
4158,16,08,38,34,17,48,25
4157,44,28,24,13,37,34,29
4156,15,25,49,10,45,43,04
4155,10,33,49,29,15,31,30
4154,06,24,36,18,26,48,05
4153,46,41,19,04,40,47,20
4152,16,11,48,42,13,31,21
4151,11,39,13,32,10,26,44
4150,27,22,06,37,44,32,19
4149,35,23,04,31,21,11,48
4148,35,32,36,41,16,34,14
4147,01,18,35,09,16,43,12
4146,14,27,03,15,17,25,31
4145,39,35,40,49,20,05,27
4144,20,32,39,11,38,18,34
4143,04,22,30,02,24,33,49
4142,37,28,08,43,15,03,49
4141,04,05,22,30,13,24,36
4140,43,15,02,31,14,30,27
4139,42,35,21,37,22,17,09
4138,06,33,11,28,43,20,16
4137,23,09,27,12,47,15,45
4136,41,24,46,36,01,05,39
4135,02,45,35,49,10,24,37
4134,46,06,28,17,08,32,16
4133,08,25,45,34,27,47,19
4132,22,49,11,47,31,13,39
4131,03,09,19,12,18,34,24
4130,18,22,06,34,13,35,40
4129,12,36,11,19,25,02,16
4128,32,24,20,44,29,03,46
4127,39,34,43,22,10,19,35